71 path=imer_muhovic_izbori/2000/130 Level4Public_Hadžići.xls130.csv
27 mtime=1407242602.300283
27 atime=1520246524.399662
