82 path=imer_muhovic_izbori/2016/nacelnici/Nacelnik Opstine - 173 - ČAPLJINA.csv
27 mtime=1520267632.080302
27 atime=1520267632.080302
