BM,CVIJANOVIC ZELJKA - SNSD-DNS-SP,IVANIC MLADEN - SAVEZ ZA PROMJENE,ZMIJANJAC GORAN - STRANKA PRAVEDNE POLITIKE,Ukupno
006B000,0,0,0,0
006B001,99,163,4,266
006B002,73,115,1,189
006B003,199,127,6,332
006B004,92,27,2,121
007B000,0,0,0,0
007B001,194,176,8,378
007B002,153,165,12,330
007B003,139,273,17,429
007B004,55,166,11,232
007B005,140,215,13,368
007B006,134,214,14,362
007B007,281,273,9,563
007B008,259,262,10,531
007B009,420,222,1,643
007B010,37,19,0,56
007B011,184,190,7,381
007B012,180,175,1,356
007B013,22,451,17,490
007B014,111,136,1,248
007B015,337,326,5,668
007B016,68,38,0,106
007B017,95,54,2,151
007B018,60,45,0,105
007B019,77,74,2,153
007B020,147,110,2,259
007B021,143,137,1,281
007B022,123,58,7,188
007B023,223,264,11,498
007B024A,210,273,7,490
007B024B,168,185,3,356
007B025,92,58,4,154
007B026,114,63,4,181
007B027,79,115,7,201
007B028,235,245,10,490
007B029,166,197,5,368
007B030,86,119,1,206
007B031,151,187,1,339
007B032,138,161,1,300
007B033,77,57,1,135
007B034,160,169,8,337
007B035,169,165,4,338
007B036,160,175,2,337
007B037,66,73,2,141
007B038,101,86,0,187
007B039,56,36,0,92
007B040,54,305,17,376
007B041,99,144,6,249
007B042,291,234,22,547
007B043,67,178,13,258
007B044,155,164,14,333
007B045,64,139,10,213
007B046,155,214,8,377
007B047,96,141,3,240
007B048,76,99,0,175
007B049,11,43,3,57
007B050,133,167,3,303
007B051,101,221,6,328
008B000,0,0,0,0
008B001,194,134,6,334
008B002,205,155,19,379
008B003,115,129,10,254
008B004,217,201,14,432
008B005,135,145,16,296
008B006,137,135,10,282
008B007,83,89,9,181
008B008,219,204,15,438
008B009,116,138,12,266
008B010,155,174,20,349
008B011,211,142,9,362
008B012,112,122,3,237
008B013,214,117,11,342
008B014,304,242,8,554
008B015,71,69,5,145
008B016,58,64,0,122
008B017,87,102,6,195
008B018,208,221,22,451
008B019,211,174,8,393
008B020,149,93,12,254
008B021,175,126,6,307
008B022,79,77,0,156
008B023,194,174,5,373
008B024,159,152,5,316
008B025,132,90,2,224
008B026,80,90,2,172
008B027,190,106,6,302
008B028,199,132,9,340
008B029,134,77,6,217
008B030,308,318,6,632
008B031,75,67,2,144
008B032,145,155,10,310
008B033,165,165,15,345
008B034,146,133,15,294
008B035,135,106,7,248
008B036,35,55,4,94
008B037,115,147,10,272
008B038,103,100,8,211
008B039,63,102,8,173
008B040,184,164,11,359
009B000,0,0,0,0
009B001,256,206,31,493
009B002A,243,185,18,446
009B002B,153,152,18,323
009B002C,97,85,14,196
009B003,232,180,44,456
009B004,254,176,22,452
009B005,75,97,8,180
009B006,33,21,2,56
009B007,134,55,2,191
009B008A,211,210,27,448
009B008B,178,151,8,337
009B009,190,113,8,311
009B010,120,130,13,263
009B011,88,54,5,147
009B012A,58,86,12,156
009B012B,44,46,11,101
009B013,135,185,20,340
009B014,55,61,6,122
009B015A,16,94,9,119
009B015B,25,102,7,134
009B015C,3,43,3,49
009B016,26,116,6,148
009B017,21,120,9,150
009B018,28,135,20,183
009B019,19,112,12,143
009B020,22,90,4,116
009B021,15,99,5,119
009B022A,97,146,9,252
009B022B,91,98,8,197
009B022C,36,48,3,87
009B023A,14,119,14,147
009B023B,19,123,17,159
009B023C,9,37,4,50
009B024,151,142,12,305
009B025,320,257,12,589
009B026,379,164,12,555
009B027,72,16,1,89
009B028,224,185,13,422
009B029,258,216,6,480
009B030,229,145,10,384
009B031,151,99,10,260
009B032,175,178,6,359
009B033,201,158,17,376
009B034,106,139,11,256
009B035,167,160,10,337
009B036,227,147,4,378
009B037,145,65,4,214
009B038,15,113,9,137
009B039,137,123,20,280
009B040,106,101,10,217
009B041,45,31,7,83
009B042,161,106,3,270
009B043,9,39,4,52
009B044,8,69,11,88
009B045,102,102,6,210
009B046,130,130,7,267
009B047,79,42,6,127
009B048,3,95,9,107
009B049,9,70,8,87
009B050,3,83,8,94
009B051A,4,70,11,85
009B051B,4,48,2,54
009B052A,16,106,23,145
009B052B,2,35,1,38
009B053,26,60,5,91
009B054,272,182,8,462
009B055,35,46,11,92
009B056A,64,169,15,248
009B056B,48,120,15,183
009B057,240,112,9,361
009B058,256,113,11,380
009B059,321,160,6,487
009B060,120,108,9,237
009B061,316,278,6,600
009B062,110,115,6,231
009B063,130,95,3,228
009B064,155,107,10,272
009B065,130,117,5,252
009B066,287,186,8,481
009B067,218,170,25,413
009B068,270,141,21,432
009B069,158,133,15,306
009B070,130,91,24,245
009B071,224,144,22,390
009B072,155,131,26,312
009B073,141,104,16,261
009B074,231,150,28,409
009B075,274,189,26,489
009B076,267,242,25,534
009B077,255,189,19,463
009B078,308,185,49,542
009B079A,174,194,19,387
009B079B,192,184,15,391
009B079C,81,77,9,167
009B080,193,129,21,343
009B081,80,173,16,269
009B082,60,172,21,253
009B083,79,141,21,241
009B084,109,137,11,257
009B085,130,144,14,288
009B086,135,139,26,300
009B087,163,100,17,280
009B088,183,125,28,336
009B089,162,111,21,294
009B090A,242,195,29,466
009B090B,259,221,24,504
009B090C,153,124,11,288
009B091,189,133,23,345
009B092,145,100,22,267
009B093,172,95,28,295
009B094,184,107,14,305
009B095,228,128,21,377
009B096,204,156,24,384
009B097,221,176,33,430
009B098,236,161,34,431
009B099,221,175,50,446
009B100,214,174,27,415
009B101,174,125,19,318
009B102,50,40,8,98
009B103,255,169,30,454
009B104,198,131,35,364
009B105,126,117,22,265
009B106,284,192,30,506
009B107,161,155,27,343
009B108,254,164,38,456
009B109,260,199,26,485
009B110,157,115,10,282
009B111,22,87,14,123
009B112,190,161,22,373
009B113,70,64,10,144
010B000,0,0,0,0
010B001,36,104,14,154
010B002,120,67,6,193
010B003,125,156,4,285
010B004,288,149,12,449
010B005,262,186,4,452
010B006,26,99,5,130
010B007,345,182,14,541
010B008,105,212,2,319
010B009,64,78,4,146
010B010,70,71,2,143
010B011,137,112,2,251
010B012,243,108,12,363
010B013,46,64,0,110
010B014,252,261,13,526
010B015,152,159,17,328
010B016,53,78,1,132
010B017,118,126,1,245
010B018,202,81,5,288
010B019,73,74,6,153
010B020,89,54,0,143
010B021,127,44,0,171
010B022,57,47,2,106
010B023,372,184,10,566
010B024,70,57,0,127
010B025,210,143,7,360
010B026,278,258,9,545
010B027,206,74,9,289
010B028,132,42,3,177
010B029,160,120,9,289
010B030,200,144,7,351
010B031,142,158,7,307
010B032,122,80,8,210
010B033,151,156,5,312
010B034,168,121,5,294
010B035,235,120,11,366
010B036,9,42,4,55
010B037,85,66,3,154
010B038,206,107,6,319
010B039,154,119,0,273
010B040,94,211,7,312
010B041,271,158,2,431
010B042,217,256,19,492
010B043,127,74,5,206
010B044,127,118,3,248
010B045,219,178,7,404
010B046,126,84,4,214
010B047,95,84,2,181
010B048,141,174,2,317
010B049,29,133,17,179
010B050,90,139,7,236
010B051,34,155,7,196
010B052,206,290,8,504
010B053,284,228,15,527
010B054,178,193,13,384
010B055,124,99,14,237
010B056,185,123,19,327
010B057,225,147,15,387
010B058,66,119,18,203
010B059,130,130,14,274
010B060,92,148,7,247
010B061,51,145,14,210
010B062,125,138,16,279
010B063,251,212,15,478
010B064,170,129,10,309
010B065,173,116,12,301
010B066,333,185,20,538
010B067,278,210,17,505
010B068,115,105,5,225
010B069,244,214,16,474
010B070,325,193,19,537
010B071,246,173,12,431
010B072,250,176,11,437
010B073,193,249,10,452
010B074,117,48,5,170
010B075,137,119,3,259
010B076,107,102,15,224
010B077,126,162,11,299
010B078,205,149,16,370
010B079,261,288,8,557
010B080,153,140,8,301
010B081,114,84,7,205
010B082,77,126,12,215
010B083,18,57,4,79
010B084,160,95,5,260
010B085,18,89,12,119
010B086,271,184,13,468
010B087A,183,95,7,285
010B087B,258,170,8,436
010B088,219,106,10,335
010B089A,34,101,14,149
010B089B,22,106,9,137
011B000,0,0,0,0
011B001,215,157,16,388
011B002,327,169,30,526
011B003,355,215,32,602
011B004,291,175,29,495
011B005,282,161,27,470
011B006,256,116,66,438
011B007A,173,147,7,327
011B007B,188,182,9,379
011B008,163,159,13,335
011B009A,406,182,13,601
011B009B,224,96,7,327
011B010,367,101,6,474
011B011,319,129,6,454
011B012,304,130,24,458
011B013A,225,174,31,430
011B013B,150,132,24,306
011B013C,90,58,13,161
011B014A,256,101,6,363
011B014B,229,93,17,339
011B015,321,138,6,465
011B016,273,251,7,531
011B017,145,72,6,223
011B018,327,186,26,539
011B019,115,127,13,255
011B020,248,239,10,497
011B021,175,134,11,320
011B022A,243,204,26,473
011B022B,174,144,6,324
011B023A,259,195,24,478
011B023B,198,120,24,342
011B024,239,183,16,438
011B025,231,116,16,363
011B026,220,91,18,329
011B027,271,199,28,498
011B028,305,199,21,525
011B029,264,183,57,504
011B030,264,222,25,511
011B031,57,65,16,138
011B032,253,134,23,410
011B033,268,202,46,516
011B034,185,76,7,268
011B035,113,72,9,194
011B036,63,14,6,83
011B037,121,133,4,258
011B038,262,181,25,468
011B039,196,173,5,374
011B040,182,164,12,358
011B041,224,86,13,323
012B000,0,0,0,0
012B001,219,192,14,425
012B002,281,285,23,589
012B003,192,147,6,345
012B004,276,293,23,592
012B005,168,183,6,357
012B006,366,248,20,634
012B007,180,138,10,328
012B008,264,186,9,459
012B009,199,182,4,385
012B010,131,108,8,247
012B011,333,234,18,585
012B012,333,130,11,474
012B013A,136,135,3,274
012B013B,141,168,16,325
012B014,112,77,0,189
012B015,266,241,13,520
012B016,88,102,2,192
012B017,70,67,6,143
012B018,113,55,1,169
012B019,159,124,3,286
012B020,253,158,5,416
012B021,156,186,18,360
012B022,140,141,4,285
012B023,106,130,8,244
012B024,49,40,2,91
012B025,83,57,5,145
012B026,76,79,1,156
012B027,360,287,32,679
012B028,270,217,10,497
012B029,71,88,5,164
012B030,160,112,3,275
013B000,0,0,0,0
013B001,219,170,19,408
013B002,165,118,18,301
013B003,132,120,10,262
013B004,163,176,17,356
013B005,188,188,14,390
013B006,151,154,12,317
013B007,169,161,17,347
013B008,176,184,31,391
013B009,190,321,14,525
013B010,165,213,16,394
013B011,100,161,1,262
013B012A,111,166,14,291
013B012B,183,212,8,403
013B013,104,110,3,217
013B014,108,81,11,200
013B015,171,336,5,512
013B016,12,146,20,178
013B017,175,198,7,380
013B018,145,144,13,302
013B019,90,102,7,199
013B020,190,166,8,364
013B021,128,212,6,346
013B022,181,191,17,389
013B023,144,161,12,317
013B024,102,80,9,191
013B025,155,252,8,415
013B026A,71,102,6,179
013B026B,165,186,7,358
013B027,27,31,6,64
013B028,137,98,2,237
013B029,206,135,16,357
013B030,104,51,9,164
013B031,194,161,10,365
013B032,163,129,7,299
013B033A,33,97,13,143
013B033B,36,103,11,150
013B033C,7,45,5,57
013B034,187,251,17,455
013B035,206,182,9,397
013B036,266,130,4,400
013B037,213,153,3,369
013B038A,170,219,4,393
013B038B,128,125,0,253
013B039,83,80,4,167
013B040,105,106,5,216
013B041,31,116,2,149
013B042,88,134,4,226
013B043,114,105,3,222
013B044,116,245,7,368
013B045,75,124,4,203
013B046,167,169,9,345
013B047,170,118,10,298
013B048,110,165,14,289
013B049A,74,117,12,203
013B049B,107,104,16,227
013B050,95,103,18,216
013B051,72,101,6,179
014B000,0,0,0,0
014B001,148,206,8,362
014B002,118,188,17,323
014B003,189,228,19,436
014B004,134,202,9,345
014B005,217,174,19,410
014B006,92,117,11,220
014B007,172,195,24,391
014B008,142,138,19,299
014B009,154,184,17,355
014B010,164,148,17,329
014B011,98,97,5,200
014B012,137,145,12,294
014B013A,160,160,20,340
014B013B,83,98,11,192
014B014,130,185,4,319
014B015,225,185,12,422
014B016,157,168,11,336
014B017,125,143,3,271
014B018,183,180,10,373
014B019,137,128,19,284
014B020A,231,170,5,406
014B020B,171,124,4,299
014B021,175,212,16,403
014B022,54,23,7,84
014B023A,157,143,4,304
014B023B,98,114,1,213
014B024,211,175,7,393
014B025,207,163,3,373
014B026,89,183,4,276
014B027A,141,139,7,287
014B027B,86,132,5,223
014B028,127,149,12,288
014B029,24,54,7,85
014B030,44,79,3,126
014B031,54,124,9,187
014B032,25,39,9,73
014B033,79,88,6,173
014B034,11,28,8,47
014B035,109,187,9,305
014B036,177,154,15,346
014B037,87,141,19,247
014B038,128,128,6,262
014B039,5,50,5,60
014B040,19,63,5,87
016B000,0,0,0,0
016B001,123,96,18,237
016B002,149,105,31,285
016B003,157,120,22,299
016B004,160,118,19,297
016B005,119,104,14,237
016B006,137,119,11,267
016B007,183,168,26,377
016B008,191,160,19,370
016B009,199,181,18,398
016B010,59,106,2,167
016B011,19,54,1,74
016B012,69,110,6,185
016B013,186,138,8,332
016B014,110,104,14,228
016B015,102,195,32,329
016B016,79,90,14,183
016B017,89,201,4,294
016B018,39,80,12,131
016B019,18,119,8,145
016B020,48,55,9,112
016B021,189,167,30,386
016B022,93,78,9,180
016B023,74,91,27,192
016B024,25,13,2,40
016B025,66,30,8,104
018B000,0,0,0,0
018B001,35,142,14,191
018B002,37,198,6,241
018B003,25,37,2,64
018B004,42,97,3,142
018B005,56,136,14,206
018B006,6,48,0,54
018B007,203,211,7,421
018B008,21,159,15,195
021B000,0,0,0,0
021B001A,75,142,17,234
021B001B,76,89,16,181
021B002,126,160,14,300
021B003,114,112,20,246
021B004,193,221,19,433
021B005,260,280,9,549
021B006,176,165,16,357
021B007,37,100,8,145
021B008,86,222,9,317
021B009A,55,199,3,257
021B009B,86,196,15,297
021B010,62,193,14,269
021B011,63,179,8,250
021B012,30,99,12,141
021B013A,92,222,6,320
021B013B,65,184,8,257
021B013C,73,184,12,269
021B014,102,140,2,244
021B015,230,238,17,485
021B016,116,228,9,353
021B017,56,78,6,140
021B018,96,131,9,236
021B019,56,116,6,178
021B020,53,75,3,131
021B021,157,159,22,338
021B022,154,145,15,314
021B023,41,185,1,227
023B000,0,0,0,0
023B001,186,236,10,432
023B002,46,77,3,126
023B003,116,178,7,301
023B004,79,265,4,348
024B000,0,0,0,0
024B001,138,225,17,380
024B002,97,226,13,336
024B003,162,232,18,412
024B004,102,186,15,303
024B005,95,275,20,390
024B006,140,200,7,347
024B007,159,190,24,373
024B008,177,194,16,387
024B009,240,294,19,553
024B010,169,389,12,570
024B011,240,269,11,520
024B012,59,71,0,130
024B013,172,139,9,320
024B014,29,92,7,128
024B015,200,269,12,481
024B016,77,66,1,144
024B017,172,112,12,296
024B018,60,84,3,147
024B019A,43,81,6,130
024B019B,19,35,8,62
024B020,159,151,2,312
024B021,87,76,1,164
024B022,64,92,4,160
024B023,85,143,3,231
024B024,80,68,1,149
024B025A,26,61,11,98
024B025B,37,133,15,185
024B026,134,260,14,408
024B027,188,255,13,456
024B028,2,7,1,10
024B029,46,50,1,97
024B030,220,218,5,443
024B031,169,202,8,379
024B032,91,138,5,234
024B033,191,223,8,422
024B034,175,281,2,458
024B035,153,259,23,435
024B036,104,240,13,357
024B037,134,212,20,366
024B038,98,228,3,329
024B039,157,385,7,549
026B000,0,0,0,0
026B001,148,218,9,375
026B002,94,168,1,263
026B003,85,157,6,248
026B004,115,208,8,331
026B005,64,83,8,155
026B006,43,152,19,214
026B007,13,83,0,96
026B008A,67,58,3,128
026B009,3,16,1,20
026B010,18,18,1,37
029B000,0,0,0,0
029B001,132,132,14,278
029B002,129,192,20,341
029B003,101,131,16,248
029B004,167,237,16,420
029B005A,67,87,14,168
029B005B,90,121,7,218
029B006,62,86,9,157
029B007,86,177,13,276
029B008,126,129,17,272
029B009,89,106,9,204
029B010,183,181,21,385
029B011,148,178,6,332
029B012,237,233,15,485
029B013,162,213,25,400
029B014A,104,151,13,268
029B014B,87,102,8,197
029B015,141,164,9,314
029B016,112,179,15,306
029B017,136,199,15,350
029B018,149,118,11,278
029B019,225,243,20,488
029B020,114,113,13,240
029B021,141,147,10,298
029B022,161,213,24,398
029B023,149,252,17,418
029B024,42,96,7,145
029B025,123,194,10,327
029B026A,209,164,12,385
029B026B,165,137,9,311
029B027,145,144,15,304
029B028,206,151,15,372
029B029,187,151,21,359
029B030,133,142,7,282
029B031,93,101,7,201
029B032,81,63,5,149
029B033,168,216,13,397
029B034,60,162,11,233
029B035,101,182,8,291
029B036,8,144,17,169
029B037,8,207,25,240
029B038,69,134,8,211
029B039,8,114,25,147
029B040,2,111,6,119
029B041,10,140,16,166
029B042,13,73,12,98
029B043,1,99,10,110
029B044,180,352,18,550
029B045,40,64,0,104
029B046A,211,219,13,443
029B046B,167,152,14,333
029B047A,159,236,27,422
029B047B,78,126,15,219
029B048,35,112,2,149
029B049,102,156,6,264
029B050A,145,237,9,391
029B050B,152,209,13,374
029B050C,76,177,4,257
029B050D,129,162,6,297
029B051,191,232,16,439
029B052,126,178,8,312
029B053,126,231,20,377
029B054,143,143,4,290
029B055,151,300,4,455
029B056,126,297,7,430
029B057,66,299,1,366
029B058,49,70,0,119
029B059,63,132,7,202
029B060,134,178,16,328
029B061,47,90,2,139
029B062A,99,298,4,401
029B062B,125,321,3,449
029B062C,69,154,3,226
029B063A,177,227,9,413
029B063B,166,171,9,346
029B063C,101,156,9,266
029B064A,181,174,29,384
029B064B,154,138,20,312
029B065A,171,201,20,392
029B065B,218,283,14,515
029B065C,82,92,4,178
029B066A,87,262,5,354
029B066B,124,208,6,338
029B067A,111,266,4,381
029B067B,113,295,3,411
029B068,83,417,15,515
029B069,122,290,0,412
029B070,98,212,0,310
029B071A,99,126,2,227
029B071B,152,204,8,364
029B072,216,302,7,525
029B073,98,187,2,287
029B074,94,205,8,307
029B075,56,161,2,219
029B076,75,198,1,274
029B077,108,316,8,432
029B078,227,190,11,428
029B079,147,253,5,405
029B080,76,92,0,168
029B081A,129,230,11,370
029B081B,63,103,4,170
029B082,78,65,1,144
029B083,143,122,3,268
029B084,136,175,4,315
029B085,201,259,14,474
029B086,91,113,5,209
029B087,69,165,4,238
029B088,30,77,0,107
029B089,240,229,10,479
029B090,165,319,7,491
029B091,95,251,6,352
029B092A,201,283,10,494
029B092B,128,190,23,341
029B092C,185,234,21,440
029B092D,150,205,16,371
029B092E,55,59,5,119
029B093,92,80,6,178
029B094,33,67,0,100
029B095A,232,232,7,471
029B095B,159,150,6,315
029B096A,254,370,15,639
029B096B,134,238,10,382
029B097A,115,306,13,434
029B097B,85,178,8,271
029B098A,115,317,5,437
029B098B,127,299,7,433
029B098C,118,269,10,397
029B099,183,310,11,504
029B100A,200,243,8,451
029B100B,149,198,7,354
029B100C,166,225,9,400
029B100D,208,227,4,439
029B100E,147,179,15,341
029B101,138,183,19,340
029B102,214,213,18,445
029B103A,111,116,11,238
029B103B,151,133,23,307
029B104,68,191,6,265
029B105,98,347,6,451
029B106,217,193,19,429
029B107,165,189,16,370
029B108A,162,280,9,451
029B108B,125,204,12,341
029B109,20,62,3,85
029B110,73,73,10,156
029B111,162,228,26,416
029B112,147,267,16,430
029B113,155,152,17,324
029B114A,106,86,5,197
029B114B,119,124,13,256
029B115,158,182,8,348
029B116,135,141,12,288
029B117,195,226,27,448
029B118,98,97,22,217
029B119,151,235,14,400
029B120,133,189,16,338
029B121,139,251,13,403
029B122,174,205,27,406
029B123,227,218,20,465
029B124,80,103,5,188
029B125,99,162,15,276
029B126,198,187,20,405
029B127,11,54,4,69
029B128,44,108,7,159
029B129,74,114,13,201
029B130,217,265,16,498
031B000,0,0,0,0
031B001,177,30,6,213
031B002,245,41,7,293
033B000,0,0,0,0
033B001A,127,59,5,191
033B001B,132,91,13,236
033B001C,73,98,7,178
033B002,122,136,5,263
033B003,144,95,4,243
033B004,44,8,4,56
033B005,63,65,0,128
033B006,62,13,1,76
033B007,159,127,7,293
034B000,5,1,0,6
034B001,202,77,7,286
034B002,226,141,28,395
034B003,251,190,32,473
034B004,310,199,32,541
034B005,146,106,23,275
034B006,175,184,23,382
034B007,243,200,24,467
034B008A,162,104,7,273
034B008B,143,129,9,281
034B009,176,145,22,343
034B010,186,181,23,390
034B011,183,142,31,356
034B012,165,186,31,382
034B013,203,183,36,422
034B014,212,150,32,394
034B015,158,180,20,358
034B016,232,198,24,454
034B017,179,215,21,415
034B018,192,160,44,396
034B019,166,178,34,378
034B020,174,157,32,363
034B021,177,208,33,418
034B022,270,247,42,559
034B023,195,196,38,429
034B024,198,196,22,416
034B025,305,181,14,500
034B026,287,127,6,420
034B027A,86,57,2,145
034B027B,189,103,17,309
034B028,180,157,7,344
034B029,204,114,9,327
034B030,148,127,3,278
034B031,193,169,30,392
034B032,162,181,32,375
034B033,146,194,22,362
034B034,156,142,27,325
034B035,170,159,27,356
034B036,133,105,22,260
034B037,127,173,30,330
034B038,184,186,23,393
034B039A,178,86,6,270
034B039B,244,129,7,380
034B040,138,160,14,312
034B041,94,231,17,342
034B042,220,219,39,478
034B043,65,149,10,224
034B044,129,106,3,238
034B045,40,53,2,95
034B046,286,203,20,509
034B047,199,275,32,506
034B048,176,199,22,397
034B049,229,144,20,393
034B050,146,95,20,261
034B051A,179,243,27,449
034B051B,135,179,24,338
034B051C,123,150,12,285
034B052A,186,213,21,420
034B052B,175,145,12,332
034B053,132,151,12,295
034B054,80,42,2,124
034B055,276,253,33,562
034B056,186,151,24,361
034B057,249,195,26,470
034B058,146,132,12,290
034B059,232,129,31,392
034B060,215,168,17,400
034B061,227,166,45,438
034B062,171,152,19,342
034B063,173,186,30,389
034B064,196,141,17,354
034B065,192,194,20,406
034B066,142,167,15,324
034B067A,193,88,15,296
034B067B,203,101,8,312
034B068,197,136,9,342
034B069,80,45,7,132
034B070A,217,129,12,358
034B070B,177,132,4,313
034B071,190,214,31,435
034B072,126,189,30,345
034B073,170,193,36,399
034B074,140,166,18,324
034B075,176,186,36,398
034B076,172,147,33,352
034B077,143,115,22,280
034B078,158,153,31,342
034B079,241,140,34,415
034B080,223,113,20,356
034B081,195,104,12,311
034B082,422,118,12,552
034B083,161,51,2,214
034B084A,166,248,24,438
034B084B,107,133,12,252
034B084C,103,128,5,236
034B085,183,145,18,346
034B086,200,169,28,397
034B087,218,194,29,441
034B088,266,161,27,454
034B089,196,155,20,371
034B090,222,180,32,434
034B091,232,152,21,405
034B092,268,161,25,454
034B093,226,126,30,382
034B094,224,145,37,406
034B095,218,166,24,408
034B096,257,209,35,501
034B097,297,154,34,485
034B098,217,139,18,374
034B099,138,121,16,275
034B100,195,112,20,327
034B101,225,226,19,470
034B102,229,198,41,468
034B103,219,192,16,427
034B104,221,172,20,413
034B105,203,174,25,402
034B106,186,201,20,407
034B107,181,175,34,390
034B108,240,176,28,444
034B109,216,164,44,424
034B110,214,202,31,447
034B111,202,167,26,395
034B112,228,156,24,408
034B113,227,217,42,486
034B114,237,172,37,446
034B115,256,166,15,437
034B116,207,165,27,399
034B117,212,53,5,270
034B118A,107,228,15,350
034B118B,82,233,6,321
034B119A,182,197,19,398
034B119B,117,150,12,279
034B120,180,152,30,362
034B121,169,110,25,304
034B122,187,174,35,396
034B123,165,169,22,356
034B124,142,160,36,338
034B125,190,177,23,390
034B126,207,177,34,418
034B127,193,186,29,408
034B128,188,147,41,376
034B129,211,200,27,438
034B130,194,161,30,385
034B131,144,162,32,338
034B132,195,177,26,398
034B133,174,183,34,391
034B134,197,224,27,448
034B135,181,139,33,353
034B136,176,143,32,351
034B137,166,184,33,383
034B138,194,211,28,433
034B139,160,174,13,347
034B140,119,154,22,295
034B141,162,183,35,380
034B142,204,145,33,382
034B143,164,140,25,329
034B144,196,183,31,410
034B145,163,179,24,366
034B146,189,161,47,397
034B147,163,172,24,359
034B148,139,154,35,328
034B149,106,49,0,155
034B150,56,28,0,84
034B151,15,13,3,31
034B152,238,195,32,465
034B153,184,199,23,406
034B154,221,168,29,418
034B155,199,156,27,382
034B156,204,177,32,413
034B157,224,179,43,446
034B158,232,201,23,456
034B159,199,173,33,405
034B160,242,205,31,478
034B161,193,201,31,425
034B162,157,152,25,334
034B163,181,227,31,439
034B164,213,179,28,420
034B165,235,163,35,433
034B166,221,211,44,476
034B167,201,206,31,438
034B168A,274,181,38,493
034B168B,208,124,24,356
034B169,86,59,8,153
034B170,148,176,39,363
034B171,101,149,29,279
034B172,121,108,11,240
034B173A,144,180,15,339
034B173B,173,157,18,348
034B173C,148,115,10,273
034B174,196,229,13,438
034B175A,181,192,16,389
034B175B,181,186,14,381
034B175C,82,91,15,188
034B176,260,125,9,394
034B177,159,53,2,214
034B178,220,202,39,461
034B179,235,157,41,433
034B180,229,162,37,428
034B181,201,212,46,459
034B182,220,196,45,461
034B183,185,122,39,346
034B184,287,174,27,488
034B185,250,172,26,448
034B186,255,160,16,431
034B187A,267,169,20,456
034B187B,243,200,18,461
034B188,45,105,13,163
034B189,142,126,11,279
034B190,62,105,11,178
034B191,166,134,14,314
034B192,143,121,12,276
034B193,254,221,32,507
034B194,219,159,13,391
034B195A,232,177,31,440
034B195B,147,165,31,343
034B196,191,161,29,381
034B197,173,209,32,414
034B198,179,170,33,382
034B199,192,154,25,371
034B200,193,171,31,395
034B201,176,160,23,359
034B202,202,201,32,435
034B203,188,179,18,385
034B204,187,172,31,390
034B205,195,209,38,442
034B206,177,160,31,368
034B207,197,186,18,401
034B208,232,232,25,489
034B209,197,167,33,397
034B210,234,211,24,469
034B211,211,231,34,476
034B212,100,33,1,134
034B213,111,109,4,224
034B214,51,24,0,75
034B215,48,19,0,67
034B216,208,181,34,423
034B217,177,170,23,370
034B218,195,220,36,451
034B219,229,204,42,475
034B220,183,243,44,470
034B221,210,201,41,452
034B222,222,183,17,422
034B223,169,191,28,388
034B224,191,163,21,375
034B225,184,229,34,447
034B226,172,211,33,416
034B227,152,165,25,342
034B228,205,202,36,443
034B229,192,200,44,436
034B230,156,144,25,325
034B231,205,174,31,410
034B232,161,182,21,364
034B233,237,230,42,509
034B234,240,192,29,461
034B235,241,231,36,508
034B236,201,172,33,406
034B237A,180,213,32,425
034B237B,112,132,19,263
034B238,12,6,2,20
034B239,103,109,10,222
034B240,205,198,24,427
034B241,190,174,24,388
034B242,180,202,38,420
034B243,136,178,20,334
035B000,0,0,0,0
035B001,296,183,17,496
035B002,210,189,22,421
035B003,263,248,27,538
035B004,237,217,17,471
035B005,186,158,23,367
035B006,210,199,8,417
035B007,129,127,2,258
035B008,134,114,7,255
035B009,203,192,8,403
035B010,141,62,4,207
035B011A,151,168,9,328
035B011B,107,126,5,238
035B012,135,78,5,218
035B013,226,116,10,352
035B014,180,131,2,313
035B015,100,119,8,227
035B016,49,117,3,169
035B017,178,132,6,316
035B018,119,70,8,197
035B019,157,33,2,192
035B020,277,160,29,466
035B021,108,72,2,182
035B022,134,65,7,206
035B023,338,232,32,602
035B024,248,202,48,498
035B025,76,113,4,193
038B000,0,0,0,0
038B001,165,115,7,287
038B002,170,155,22,347
038B003A,188,214,21,423
038B003B,164,121,17,302
038B004,207,183,22,412
038B005,225,177,12,414
038B006A,166,120,10,296
038B006B,136,88,15,239
038B007,219,191,17,427
038B008A,274,158,29,461
038B008B,176,141,14,331
038B009A,226,166,21,413
038B009B,174,125,27,326
038B010,103,84,8,195
038B011A,237,182,19,438
038B011B,143,99,11,253
038B012,69,57,1,127
038B013,67,152,13,232
038B014,69,229,24,322
038B015,220,183,25,428
038B016A,100,128,12,240
038B016B,177,108,14,299
038B017,32,197,23,252
038B018,21,47,1,69
038B019A,209,146,14,369
038B019B,155,117,12,284
038B020,100,125,5,230
038B021A,170,286,18,474
038B021B,135,176,10,321
038B022,201,322,12,535
038B023,79,170,4,253
038B024,228,158,6,392
038B025,171,137,4,312
038B026A,174,173,10,357
038B026B,178,182,6,366
038B026C,150,134,11,295
038B027,22,198,21,241
038B028,151,169,4,324
038B029,115,109,2,226
038B030,109,155,2,266
038B031,211,168,9,388
038B032,145,85,2,232
038B033,43,55,1,99
038B034,100,232,2,334
038B035,21,56,12,89
038B036,260,169,13,442
038B037A,183,115,7,305
038B037B,146,102,3,251
038B038A,126,172,3,301
038B038B,156,162,2,320
038B039A,163,262,4,429
038B039B,172,244,9,425
038B040,31,38,3,72
038B041,93,184,7,284
038B042,84,350,3,437
038B043,246,353,3,602
038B044,91,210,3,304
038B045,153,94,9,256
038B046A,29,165,22,216
038B046B,40,142,18,200
038B046C,50,97,6,153
038B047,124,239,17,380
038B048,204,155,12,371
038B049,127,84,8,219
038B050,106,60,2,168
038B051,198,148,4,350
038B052A,141,91,6,238
038B052B,130,95,9,234
038B053A,211,147,3,361
038B053B,248,115,7,370
038B053C,182,147,13,342
038B053D,166,78,9,253
038B054,222,225,7,454
038B055,322,246,3,571
038B056,308,251,5,564
038B057,91,37,1,129
038B058,71,126,30,227
038B059,278,395,0,673
038B060,56,79,0,135
038B061,212,174,0,386
038B062,124,92,2,218
038B063,162,45,2,209
038B064A,137,143,6,286
038B064B,144,152,2,298
038B065,188,173,4,365
038B066,129,111,4,244
038B067,183,66,7,256
038B068,162,140,0,302
038B069A,318,199,7,524
038B069B,177,113,5,295
038B070,138,43,0,181
038B071,129,95,2,226
038B072,14,249,15,278
038B073,120,108,12,240
038B074,82,121,4,207
038B075,22,280,31,333
038B076,60,234,31,325
038B077,7,119,5,131
038B078,95,158,42,295
038B079,12,129,18,159
038B080,44,233,20,297
038B081,191,165,12,368
038B082A,116,120,24,260
038B082B,144,91,9,244
038B083A,138,133,22,293
038B083B,169,151,13,333
038B083C,87,75,9,171
038B084,193,133,15,341
038B085,179,142,23,344
038B086,244,205,31,480
038B087,87,227,36,350
038B088,167,178,19,364
038B089,200,111,24,335
038B090,198,132,22,352
038B091,111,94,13,218
038B092,227,135,12,374
038B093,60,113,11,184
038B094,16,39,3,58
038B095,160,81,5,246
038B096,52,176,4,232
045B000,1,0,0,1
045B001,222,96,7,325
045B002,207,168,8,383
045B003A,153,151,5,309
045B003B,176,128,4,308
045B003C,122,134,5,261
045B005,273,306,9,588
045B006,227,149,8,384
045B007,170,123,2,295
045B008,59,34,1,94
045B009,38,26,1,65
045B010,224,171,12,407
054B000,0,0,0,0
054B001,122,56,2,180
054B002,19,111,7,137
054B003,167,223,14,404
054B004,181,194,8,383
054B005,140,309,3,452
054B006,62,159,5,226
054B007,97,254,0,351
054B008,133,258,4,395
054B009,75,164,7,246
054B010A,224,321,5,550
054B010B,76,156,2,234
054B011,111,195,4,310
054B012,103,155,7,265
054B013,89,146,4,239
054B014,253,369,12,634
054B015,160,173,3,336
054B016,95,234,3,332
054B017,65,121,0,186
054B018,42,134,0,176
054B019,139,183,1,323
054B020,38,186,3,227
054B021,53,39,0,92
054B022,86,131,0,217
056B000,0,0,0,0
056B001,230,233,14,477
056B002,198,267,15,480
056B003,345,321,7,673
056B004,187,290,5,482
056B005,168,202,8,378
056B006,183,321,0,504
056B007,139,163,3,305
056B008,51,126,3,180
056B009,15,135,1,151
056B010,262,377,11,650
056B011,206,190,3,399
056B012,64,116,0,180
056B013,89,116,0,205
056B014,260,380,11,651
056B015,86,157,9,252
056B016A,124,216,2,342
056B016B,98,188,8,294
056B017,121,208,1,330
056B018A,146,200,3,349
056B018B,159,142,4,305
056B019,38,62,0,100
056B020,52,95,0,147
056B021,201,410,0,611
056B022,19,101,4,124
056B023,18,84,1,103
056B024,54,76,0,130
056B025,66,147,2,215
056B026,85,115,4,204
056B027,204,218,10,432
058B000,0,0,0,0
058B001,43,30,5,78
061B000,0,0,0,0
061B001,345,167,16,528
061B002,27,24,0,51
061B003,19,20,4,43
061B004,186,92,2,280
061B005,151,123,3,277
061B006,122,33,2,157
061B007,317,168,12,497
061B008,184,87,7,278
061B009,265,76,9,350
061B010,136,40,2,178
061B011,103,69,1,173
061B012,103,104,4,211
061B013,46,67,0,113
061B014,45,37,0,82
061B015,172,39,3,214
061B016,230,106,12,348
064B000,0,0,0,0
064B001,67,64,8,139
064B002,218,112,17,347
064B003,205,113,12,330
064B004,144,79,6,229
064B005,122,45,2,169
064B006,64,72,3,139
064B007,68,13,0,81
064B008,32,19,0,51
064B009,208,115,6,329
064B010,73,39,5,117
064B011,33,23,0,56
064B012,163,47,12,222
064B013,58,7,0,65
064B014,101,98,5,204
064B015,119,26,2,147
064B016,146,109,12,267
064B017,184,191,20,395
064B018,265,158,12,435
064B019,247,189,15,451
064B020,309,194,17,520
064B021,248,205,15,468
064B022,263,180,26,469
064B023,185,132,22,339
064B024,124,54,0,178
064B025,73,51,9,133
064B026,230,167,21,418
064B027,249,175,10,434
064B028,74,77,7,158
064B029,68,22,0,90
064B030,95,38,3,136
064B031,72,53,1,126
064B032,57,7,1,65
064B033,171,156,12,339
064B034,198,129,8,335
064B035,265,153,28,446
064B036,50,35,11,96
064B037,203,165,9,377
064B038,114,54,6,174
064B039,41,10,0,51
066B001A,126,135,15,276
066B001B,98,139,9,246
068B000,0,0,0,0
068B001,216,232,22,470
068B002,112,206,22,340
068B003,249,246,30,525
068B004,253,263,43,559
068B005,19,37,6,62
068B006,156,226,5,387
068B007,46,109,2,157
068B008,26,47,0,73
068B009,68,32,1,101
068B010,35,52,8,95
068B011,108,54,4,166
068B012,118,123,9,250
068B013,93,61,12,166
068B014,202,72,2,276
068B015,64,47,0,111
068B016,107,91,4,202
068B017,299,208,22,529
068B018,300,150,2,452
068B019,73,77,1,151
068B020,227,151,3,381
068B021,81,35,5,121
068B022,32,29,1,62
070B000,0,0,0,0
070B001,101,188,21,310
070B002,36,93,5,134
070B003,119,197,37,353
070B004,194,216,22,432
070B005,222,271,55,548
070B006,102,94,15,211
070B007A,140,196,23,359
070B007B,68,153,11,232
070B008,94,215,19,328
070B009,116,192,12,320
070B010A,288,333,32,653
070B010B,141,178,25,344
070B010C,168,153,12,333
070B011,20,149,23,192
070B012,44,55,3,102
070B013,89,87,4,180
070B014,252,226,12,490
070B015,77,87,5,169
070B016,29,53,2,84
070B017,143,181,7,331
070B018A,227,284,34,545
070B018B,201,240,40,481
070B018C,108,150,17,275
070B019,8,60,1,69
070B020,160,176,9,345
070B021,104,164,11,279
070B022,10,130,4,144
070B023,124,242,33,399
070B024,63,66,1,130
070B025,52,93,7,152
070B026,6,13,0,19
070B027,27,70,2,99
070B028,67,50,7,124
074B000,0,0,0,0
074B001,149,137,7,293
074B002A,262,207,10,479
074B002B,183,136,7,326
074B003,183,149,8,340
074B004,259,175,18,452
074B005,241,146,12,399
074B006,230,189,14,433
074B007,223,187,9,419
074B008A,189,165,10,364
074B008B,185,198,11,394
074B008C,96,111,3,210
074B009,41,45,0,86
074B010,147,120,5,272
074B011,89,163,19,271
074B012,143,136,6,285
074B013A,127,210,12,349
074B013B,109,188,8,305
074B014A,159,218,3,380
074B014B,155,161,13,329
074B014C,117,193,2,312
074B014D,174,184,6,364
074B015,142,117,5,264
074B016,150,201,11,362
074B017A,119,195,20,334
074B017B,56,158,16,230
074B018,74,111,1,186
074B019A,204,113,7,324
074B019B,200,110,8,318
074B019C,121,77,0,198
074B020,68,42,3,113
074B021A,298,260,8,566
074B021B,82,46,3,131
074B022,301,192,9,502
074B023,178,179,6,363
074B024,16,19,1,36
074B025,110,123,5,238
074B026A,99,91,11,201
074B026B,160,80,9,249
074B027,79,44,10,133
074B028A,13,8,0,21
074B028B,31,20,0,51
074B029A,258,125,4,387
074B029B,160,127,8,295
074B030,27,175,10,212
074B031,148,209,1,358
074B032,109,112,2,223
074B033,254,278,0,532
074B034,22,6,1,29
074B035A,184,122,3,309
074B035B,334,168,3,505
074B036,32,58,4,94
074B037A,202,156,4,362
074B037B,204,191,6,401
074B037C,122,60,2,184
074B038,33,19,0,52
074B039,114,179,3,296
074B040,230,200,3,433
074B041,238,197,5,440
074B042,17,90,11,118
074B043,193,218,11,422
074B044,248,151,4,403
074B045A,63,271,12,346
074B045B,64,149,7,220
074B046,141,204,2,347
074B047,81,232,4,317
074B048,270,209,4,483
074B049,140,130,5,275
081B000,0,0,0,0
081B001A,136,265,3,404
081B001B,154,197,5,356
081B002,115,211,1,327
081B003,121,105,2,228
081B004,181,185,17,383
081B005,172,176,1,349
083B000,0,0,0,0
083B001,212,251,16,479
083B002,212,204,19,435
083B003,240,188,18,446
083B004,189,217,13,419
083B005,162,179,20,361
083B006,123,180,9,312
083B007,240,235,8,483
083B008,140,219,15,374
083B009,167,222,22,411
083B010,172,232,15,419
083B011,78,21,5,104
083B012,53,109,6,168
083B013,96,52,4,152
083B014,7,55,1,63
083B015,91,129,11,231
083B016,149,124,11,284
083B017,193,157,12,362
083B018,46,49,0,95
083B019,90,129,22,241
083B020A,198,193,6,397
083B020B,264,260,9,533
083B020C,135,141,7,283
083B020D,189,220,4,413
083B021,191,243,15,449
083B022,217,178,17,412
083B023,26,156,10,192
083B024,188,119,5,312
083B025,101,96,16,213
083B026,27,22,3,52
083B027,237,184,15,436
083B028,140,16,2,158
083B029,126,81,3,210
083B030,254,148,7,409
083B031,210,112,3,325
083B032A,137,130,10,277
083B032B,127,129,8,264
083B033A,268,193,12,473
083B033B,196,134,8,338
083B033C,190,166,13,369
083B034A,291,149,10,450
083B034B,300,144,10,454
083B034C,68,60,1,129
083B035,97,163,15,275
083B036,395,145,19,559
083B037A,87,79,8,174
083B037B,73,64,6,143
083B037C,47,56,2,105
083B038,176,239,9,424
083B039,304,132,8,444
083B040,87,47,4,138
083B041A,205,86,0,291
083B041B,163,60,0,223
083B042,323,112,4,439
083B043,135,117,3,255
083B044,378,152,2,532
083B045A,349,139,0,488
083B045B,164,99,3,266
083B046,257,55,2,314
083B047,53,57,4,114
083B048,31,131,1,163
083B049,217,69,9,295
083B050A,209,122,5,336
083B050B,197,102,4,303
083B051,267,222,0,489
083B052,351,166,7,524
083B053A,180,93,9,282
083B053B,219,88,3,310
083B054,33,50,2,85
083B055,12,23,1,36
083B056A,22,119,4,145
083B056B,54,115,9,178
083B057,105,61,1,167
083B058,71,73,0,144
083B059,108,34,2,144
083B060A,163,357,16,536
083B060B,140,236,5,381
083B060C,137,200,6,343
083B061,75,103,8,186
083B062A,226,405,9,640
083B062B,125,162,6,293
083B063A,64,298,0,362
083B063B,74,423,5,502
083B064,130,166,8,304
083B065,143,175,6,324
083B066,140,190,17,347
083B067,69,70,5,144
088B000,0,0,0,0
088B001,71,24,0,95
088B002,23,23,2,48
088B003,261,111,9,381
088B004,185,74,5,264
088B005,306,197,13,516
088B006,199,193,17,409
088B007,197,118,20,335
088B008,49,27,3,79
088B009,275,238,16,529
088B010,292,143,11,446
088B011,35,25,1,61
088B012,174,166,7,347
088B013,163,54,4,221
088B014,98,58,2,158
088B015,217,207,1,425
088B016,77,59,0,136
088B017,287,243,9,539
088B018,325,175,17,517
088B019,124,108,5,237
088B020,257,164,14,435
101B000,0,0,0,0
101B001,163,173,5,341
101B002,250,111,4,365
101B003,184,130,3,317
101B004,109,117,2,228
101B005,104,73,2,179
101B006,109,105,0,214
101B007,45,47,1,93
101B008,92,142,2,236
101B009,172,144,4,320
101B010,107,109,4,220
101B011,80,137,0,217
101B012,11,22,0,33
101B013,68,16,0,84
101B014,178,183,5,366
101B015,145,126,1,272
101B016,74,67,4,145
101B017,216,217,5,438
101B018,152,109,4,265
103B000,0,0,0,0
103B001,177,190,5,372
103B002,223,236,15,474
103B003,215,286,7,508
103B004,174,268,12,454
103B005,163,248,5,416
103B006,152,263,5,420
103B007,108,123,0,231
103B008,77,117,2,196
103B009,188,265,9,462
103B010,49,173,3,225
103B011,89,123,0,212
103B012,172,173,4,349
103B013,129,105,8,242
103B014,104,121,3,228
103B015,27,38,1,66
103B016,30,43,2,75
103B017,235,375,3,613
104B000,0,0,0,0
104B001,205,166,0,371
104B002,42,56,10,108
104B003,47,140,4,191
104B004,76,138,1,215
104B005,79,67,1,147
104B006,123,57,3,183
104B007,155,108,2,265
104B008,92,41,0,133
104B009,107,197,8,312
104B010,178,262,9,449
104B011,111,133,5,249
104B012A,126,147,2,275
104B012B,108,110,3,221
104B013,146,156,4,306
104B014,182,187,7,376
104B015,158,221,3,382
104B016,62,123,7,192
104B017,33,112,0,145
104B018,86,113,3,202
104B019,144,170,4,318
104B020,131,157,2,290
104B021,23,60,0,83
104B022,50,175,4,229
104B023,33,76,0,109
104B024A,173,244,7,424
104B024B,185,191,3,379
104B025,29,73,0,102
104B026,15,66,4,85
104B027,77,59,1,137
104B028,68,102,1,171
104B029,74,133,1,208
104B030,19,42,0,61
104B031,15,28,8,51
105B000,0,0,0,0
105B001,65,68,5,138
105B002,128,181,9,318
105B003A,164,102,4,270
105B003B,174,130,5,309
105B003C,75,48,6,129
105B004,23,39,5,67
105B005,109,150,8,267
105B006,4,52,0,56
105B007A,84,146,7,237
105B007B,55,113,10,178
105B008,0,330,1,331
105B009,57,128,10,195
105B010,48,56,0,104
105B011,137,143,2,282
105B012A,148,102,5,255
105B012B,196,105,2,303
105B012C,83,60,2,145
105B013,88,84,2,174
105B014,135,63,4,202
105B015,229,121,2,352
105B016,12,42,2,56
105B017,46,37,1,84
105B018,61,45,0,106
105B019,3,31,0,34
105B020,26,36,1,63
105B021,3,53,0,56
105B022,120,63,3,186
108B000,0,0,0,0
108B001,122,61,4,187
121B000,0,3,0,3
121B001,234,302,14,550
121B002,174,257,13,444
121B003,139,128,2,269
121B004,150,249,6,405
121B005,69,127,4,200
121B006,52,107,1,160
121B007,105,141,4,250
121B008,61,107,6,174
121B009,179,306,10,495
121B010,212,270,5,487
121B011,225,391,19,635
121B012,39,39,2,80
121B013,95,91,1,187
121B014,37,74,0,111
121B015,19,35,0,54
121B016,72,60,0,132
121B017,69,90,2,161
121B018,223,318,9,550
121B019,162,317,8,487
121B020,209,373,11,593
121B021,164,182,11,357
121B022,176,289,12,477
123B000,0,0,0,0
123B001,259,298,4,561
123B002,265,281,5,551
123B003,126,88,1,215
123B004,172,144,5,321
123B005,66,49,2,117
123B006,44,41,4,89
123B007,61,70,4,135
123B008,65,32,2,99
123B009,22,23,0,45
132B000,0,0,0,0
132B001,247,167,18,432
132B002,213,194,8,415
132B003,268,264,14,546
132B004,246,168,8,422
132B005,104,63,1,168
132B006,198,86,6,290
132B007,199,115,13,327
132B008,193,218,13,424
132B009,212,214,15,441
132B010,100,138,10,248
132B011,391,198,18,607
132B012,261,140,5,406
132B013,284,173,6,463
132B014,296,236,16,548
132B015,326,234,17,577
132B016,266,144,6,416
132B017A,214,181,25,420
132B017B,169,120,3,292
132B018,300,145,8,453
132B019A,155,155,12,322
132B019B,163,167,17,347
132B020,123,115,8,246
138B000,0,0,0,0
138B001,80,195,0,275
138B002,99,218,2,319
138B003,89,88,0,177
138B004,11,29,2,42
140B000,0,0,0,0
140B001,200,91,7,298
140B002,278,192,13,483
140B003,318,178,12,508
140B004,416,274,6,696
140B005,82,100,6,188
140B006,259,116,7,382
140B007,296,116,4,416
140B008,368,247,12,627
140B009,273,198,17,488
140B010,304,184,12,500
140B011,283,199,7,489
140B012,288,172,15,475
140B013,278,172,18,468
140B014,174,102,7,283
142B000,0,0,0,0
142B001,304,263,11,578
142B002,104,81,2,187
142B003,60,54,1,115
142B004,2,4,0,6
144B000,0,0,0,0
144B001A,182,235,7,424
144B001B,89,176,2,267
144B002A,168,260,15,443
144B002B,105,156,6,267
144B003A,152,185,7,344
144B003B,162,173,9,344
144B004,225,326,8,559
144B005,137,242,8,387
144B006,217,300,10,527
144B007,243,327,17,587
144B008,132,218,8,358
144B009,21,72,2,95
144B010,25,18,2,45
144B011,75,57,0,132
144B012,216,241,17,474
144B013,61,60,3,124
144B014A,257,263,6,526
144B014B,162,229,10,401
144B014C,114,98,4,216
144B015,174,181,8,363
144B016,70,99,3,172
144B017,31,56,3,90
144B018,26,58,0,84
144B019,11,19,3,33
144B020,7,22,0,29
144B021,10,9,1,20
144B022,3,33,1,37
144B023,175,253,12,440
144B024,25,34,0,59
144B025,10,10,0,20
144B026,184,192,13,389
144B027,17,33,3,53
144B028,205,233,10,448
144B029,209,268,15,492
144B030,225,306,10,541
144B031,168,255,1,424
144B032,205,216,16,437
144B033,54,139,7,200
144B034,150,204,14,368
146B000,0,0,0,0
146B001,17,24,0,41
146B002,39,97,0,136
146B003,139,177,3,319
146B004,53,60,2,115
146B005,54,48,3,105
146B006,86,91,0,177
146B007,49,80,1,130
146B008,13,9,0,22
146B009,37,83,0,120
146B010,75,133,0,208
146B011,30,50,1,81
146B012,38,45,0,83
146B013,13,39,2,54
146B014,24,25,3,52
146B015,159,146,4,309
146B016A,144,213,5,362
146B016B,155,179,12,346
146B017,249,167,10,426
146B018,217,246,12,475
146B019,321,300,17,638
146B020,262,293,9,564
146B021,238,249,9,496
146B022,206,208,7,421
146B023,95,89,2,186
146B024,142,144,4,290
147B000,0,0,0,0
147B001,280,215,7,502
147B002,332,218,7,557
147B003,353,218,8,579
147B004,99,149,2,250
147B005,151,162,1,314
147B006,273,157,8,438
147B007,256,157,5,418
147B008,12,36,0,48
147B009,52,68,0,120
147B010,119,56,3,178
147B011,49,40,0,89
147B012,48,51,1,100
147B013,230,162,2,394
147B014,114,145,1,260
147B015,96,83,3,182
147B016,49,28,0,77
147B017,37,6,0,43
147B018,17,21,2,40
147B019,200,145,0,345
147B020,7,47,2,56
147B022,167,145,5,317
147B023,215,109,3,327
147B024,185,161,2,348
147BO21,275,183,4,462
158B000,0,0,0,0
158B001,30,73,1,104
161B000,0,0,0,0
161B001,171,80,7,258
161B002,273,184,4,461
161B003A,183,130,3,316
161B003B,180,142,9,331
161B004,214,228,11,453
161B005,251,233,8,492
161B006,149,159,7,315
161B007,335,228,3,566
161B008,141,80,9,230
161B009,161,59,0,220
161B010,19,22,0,41
161B011,59,61,2,122
161B012,48,30,0,78
161B013,18,11,0,29
161B014,105,58,2,165
161B015,36,59,0,95
161B016,59,85,9,153
161B017,65,59,2,126
161B018,28,37,1,66
161B019,27,22,3,52
161B020,56,51,0,107
161B021,44,10,0,54
161B022,20,11,0,31
161B023,38,33,2,73
161B024,108,48,1,157
161B025,118,93,3,214
161B026,231,170,8,409
161B027,298,292,14,604
161B028,169,54,7,230
161B029,19,9,0,28
161B030,252,154,11,417
161B031,126,114,6,246
163B000,0,0,0,0
163B001,252,189,6,447
163B002,75,30,1,106
163B003,25,9,1,35
163B004,27,16,0,43
163B005,32,19,0,51
163B006,2,3,0,5
163B007,14,11,2,27
163B008,21,8,0,29
163B009,4,15,1,20
163B010,20,25,1,46
163B011,6,21,0,27
163B012,321,220,8,549
163B013,10,2,0,12
164B000,0,0,0,0
164B001,238,224,6,468
164B002,324,264,12,600
164B003,346,299,8,653
164B004,265,366,9,640
164B005,248,293,10,551
164B006,392,237,14,643
164B007,35,46,0,81
164B008,148,196,5,349
164B009,13,27,0,40
164B010,7,15,0,22
164B011,2,14,0,16
164B012,74,96,1,171
164B013,18,27,0,45
164B014,57,62,0,119
164B015,62,107,2,171
164B016,36,45,2,83
164B017,95,112,1,208
164B018,192,177,5,374
164B019,83,126,1,210
164B020,5,24,2,31
164B021,211,171,3,385
166B000,0,0,0,0
166B001,287,214,21,522
166B002,51,70,7,128
166B003,91,98,2,191
166B004,68,86,4,158
166B005,17,8,1,26
166B006,23,34,0,57
166B007,54,83,5,142
166B008,323,250,9,582
166B009,54,39,1,94
166B010,179,218,16,413
166B011,118,159,6,283
166B012,65,77,5,147
166B013,61,27,0,88
166B014,73,69,2,144
166B015,20,36,1,57
166B016,9,3,0,12
166B017,21,17,2,40
166B018,61,134,1,196
166B019,227,222,22,471
166B020,208,197,13,418
166B021,306,284,16,606
166B022,174,232,13,419
166B023,298,282,16,596
166B024,288,198,9,495
166B025,222,266,12,500
166B026,272,320,20,612
166B027,135,149,6,290
166B028,236,291,8,535
166B029A,254,280,12,546
166B029B,234,213,5,452
166B030A,188,178,6,372
166B030B,144,224,2,370
166B031,212,284,9,505
166B032,1,32,0,33
166B033,12,31,2,45
168B000,0,0,0,0
168B001,20,71,4,95
168B002,54,78,3,135
168B003,55,158,4,217
168B004,157,309,3,469
168B005,75,65,3,143
169B000,0,0,0,0
169B001,299,215,8,522
169B002,329,229,5,563
169B003,181,131,3,315
169B004,119,127,4,250
169B005,107,86,3,196
169B006,58,41,1,100
169B007,27,9,0,36
169B008,32,47,0,79
169B009,33,24,3,60
169B010,42,42,0,84
169B011,6,6,0,12
169B012,39,35,0,74
169B013,27,6,0,33
169B014,22,14,0,36
169B015,14,5,0,19
169B016,1,7,0,8
169B017,24,32,1,57
170B000,0,0,0,0
170B001,151,82,5,238
170B002,219,122,8,349
170B003,58,42,3,103
170B004,20,37,2,59
170B005,15,23,1,39
170B006,21,13,3,37
170B007,69,49,2,120
170B008,156,81,0,237
170B009,184,183,9,376
170B010,53,62,0,115
170B011,35,21,0,56
170B012,221,142,7,370
170B013,61,16,0,77
170B014,76,48,3,127
170B015,110,40,5,155
170B016,177,144,12,333
170B017,170,115,8,293
177B000,0,0,0,0
177B001,213,173,3,389
177B002,48,52,2,102
177B003,61,60,0,121
177B004,80,79,1,160
177B005,22,28,0,50
177B006,33,20,2,55
177B007,103,98,2,203
179B000,0,0,0,0
179B001,45,23,0,68
179B002,2,9,1,12
179B003,16,3,0,19
179B004,18,4,0,22
179B005,18,18,1,37
179B006,8,12,0,20
179B007,30,30,1,61
179B008,13,81,1,95
179B009,8,11,0,19
179B010,15,25,1,41
179B011,273,351,8,632
179B012,190,217,3,410
179B013,201,314,8,523
179B014,44,35,3,82
180B000,0,0,0,0
180B001,148,88,6,242
180B002,194,152,3,349
180B003,137,188,5,330
180B004,260,244,13,517
180B005,307,240,8,555
180B006,294,237,6,537
180B007,45,31,0,76
180B008,26,29,0,55
180B009,25,22,0,47
180B010,52,43,0,95
180B011,40,41,0,81
180B012,17,26,0,43
180B013,237,212,5,454
180B014,103,194,1,298
180B015,102,102,0,204
180B016,38,43,1,82
180B017,123,94,1,218
180B018,85,49,1,135
180B019,45,58,4,107
180B020,160,101,4,265
180B021,290,201,10,501
180B022,236,231,11,478
180B023,235,191,6,432
180B024,219,151,4,374
180B025,248,171,2,421
182B000,0,0,0,0
182B001,212,138,17,367
182B002,277,159,9,445
182B003,351,224,7,582
182B004,138,113,3,254
182B005,278,222,14,514
182B006,260,192,9,461
182B007,230,170,5,405
182B008,271,194,18,483
182B009,300,218,13,531
182B010,359,268,16,643
182B011,227,190,15,432
182B012,294,242,13,549
182B013,291,172,13,476
182B014,108,115,7,230
182B015,152,126,4,282
182B016,323,293,12,628
182B017,179,158,7,344
182B018,189,165,11,365
182B019,121,85,8,214
182B020,32,114,0,146
182B021,54,76,2,132
182B022,96,89,1,186
182B023,77,49,1,127
182B024,76,63,2,141
182B025,244,233,8,485
182B026A,193,119,3,315
182B026B,219,173,9,401
182B027,238,214,15,467
182B028,335,263,15,613
182B029,264,217,12,493
182B030,166,169,10,345
182B031,224,162,9,395
182B032,211,177,11,399
182B033,299,174,9,482
182B034,226,173,6,405
182B035,254,225,8,487
182B036,299,238,17,554
182B037,212,158,8,378
182B038,293,183,7,483
182B039,160,105,7,272
182B040,142,100,9,251
182B041,147,138,8,293
182B042,190,193,8,391
184B000,0,0,0,0
184B001,271,217,14,502
184B002,91,196,9,296
184B003,182,172,6,360
184B004,143,106,5,254
184B005,77,97,6,180
184B006,32,36,1,69
184B007,21,35,2,58
184B008,33,19,0,52
184B009,15,12,1,28
184B010,12,11,1,24
184B011,35,17,0,52
184B012,299,199,15,513
184B013,38,212,6,256
185B000,0,0,0,0
185B001,266,179,12,457
185B002,252,237,16,505
185B003,196,190,12,398
185B004,136,130,4,270
185B005,103,88,11,202
185B006,166,122,6,294
185B007,150,111,7,268
185B008,90,48,1,139
185B009,213,181,7,401
185B010,39,61,2,102
185B011,299,218,10,527
185B012,14,118,6,138
185B013,274,250,19,543
185B014,121,119,3,243
200C001R,92,105,4,201
200C002R,36,74,1,111
200C003R,31,69,2,102
200C004R,27,34,3,64
200C005R,20,7,2,29
200C006R,64,100,6,170
200C007R,52,85,8,145
200C008R,63,64,5,132
200C009R,63,88,3,154
200C010R,0,1,0,1
200C011R,0,0,1,1
200C012R,62,123,3,188
200C013R,18,80,5,103
200C014BR,4,10,0,14
200C015R,2,3,1,6
200C016R,0,19,4,23
200C017R,0,3,1,4
200C018R,12,20,0,32
200C019R,94,53,1,148
200C020R,37,60,0,97
200C021R,65,121,1,187
200C022R,39,68,2,109
200C023R,43,81,5,129
200C024R,82,99,12,193
200C025R,96,108,9,213
200C026R,74,123,8,205
200C027R,65,69,3,137
200C028R,53,74,10,137
200C029R,14,37,2,53
200C030R,40,66,8,114
200C031R,14,17,1,32
200C032R,27,53,5,85
200C033R,9,28,2,39
200C035R,4,7,1,12
200C036R,1,2,1,4
200C037R,0,0,0,0
200C038R,169,265,12,446
200C039R,12,19,0,31
200C040R,0,0,0,0
200C041R,1,1,0,2
200C042R,59,46,4,109
200C043R,25,33,3,61
200C044R,27,18,1,46
200C045R,0,1,0,1
200C046R,21,60,3,84
200C047R,87,154,4,245
200C048BR,0,1,1,2
200C049R,1,0,0,1
200C050R,237,306,7,550
200C051R,83,109,7,199
200C052R,51,91,3,145
200C053R,67,145,6,218
200C054R,70,104,2,176
200C055R,74,127,2,203
200C056R,172,223,8,403
200C057R,208,267,15,490
200C058R,17,32,2,51
200C059R,2,6,0,8
200C060R,0,6,1,7
200C061R,0,8,1,9
200C062R,39,44,5,88
200C063R,19,32,8,59
200C064R,23,97,0,120
200C065R,51,93,0,144
200C066R,6,15,4,25
200C067BR,1,1,0,2
200C068R,7,13,0,20
200C069R,17,18,2,37
200C070R,5,17,1,23
200C071R,33,42,5,80
200C072R,16,32,2,50
200C073R,0,3,0,3
200C074R,0,8,0,8
200C075R,1,1,1,3
200C076R,0,1,0,1
200C077R,29,69,0,98
200C078R,115,244,7,366
200C079R,0,1,0,1
200C080R,0,0,0,0
200C081R,1,3,0,4
200C082R,37,55,3,95
200C083R,1,11,0,12
200C084R,66,149,2,217
200C085R,0,1,0,1
200C086R,41,85,5,131
200C087R,62,87,6,155
200C088R,76,110,5,191
200C089R,113,110,9,232
200C090R,132,133,8,273
200C091R,35,84,4,123
200C092R,0,0,0,0
200C093R,6,7,1,14
200C094R,70,129,2,201
200C095R,0,1,0,1
200C096R,59,59,0,118
200C097R,16,29,0,45
200C098R,0,0,0,0
200C099R,5,27,0,32
200C100R,48,62,1,111
200C101R,0,1,0,1
200C102R,0,1,0,1
200C103R,54,52,1,107
200C104R,0,5,0,5
200C105R,0,6,0,6
200C106R,84,70,3,157
200C108R,29,89,3,121
200C109R,3,12,1,16
200C110R,13,47,0,60
200C111R,6,10,1,17
200C112R,1,2,1,4
200C113R,58,99,8,165
200C114R,9,26,1,36
200C115R,0,0,0,0
200C116R,214,263,10,487
